package com.abdul.dbs;

public class APNetwork10 {
    public static final double[][] distance = new double[][]{
            {0, 19961.0558, 15695.19654, 23247.45182, 23046.62214, 30371.32291, 31577.96468, 32743.32891, 35819.16332, 36032.73859, },
            {19961.0558, 0, 20191.32686, 12595.39423, 24553.8757, 18813.21657, 29874.33692, 25425.40769, 38247.7978, 30557.93748, },
            {15695.19654, 20191.32686, 0, 13742.83339, 7366.854893, 18671.42124, 15890.65414, 18296.57532, 20875.26189, 20739.35073, },
            {23247.45182, 12595.39423, 13742.83339, 0, 14466.61393, 7400.714742, 17776.67906, 12874.75521, 26799.9361, 17962.8483, },
            {23046.62214, 24553.8757, 7366.854893, 14466.61393, 0, 16356.96829, 8627.190403, 13047.37026, 14115.80625, 14158.79629, },
            {30371.32291, 18813.21657, 18671.42124, 7400.714742, 16356.96829, 0, 15746.21631, 7942.623442, 25355.5091, 13245.80206, },
            {31577.96468, 29874.33692, 15890.65414, 17776.67906, 8627.190403, 15746.21631, 0, 8784.115184, 9609.398813, 6701.527622, },
            {32743.32891, 25425.40769, 18296.57532, 12874.75521, 13047.37026, 7942.623442, 8784.115184, 0, 18158.2649, 5353.363665, },
            {35819.16332, 38247.7978, 20875.26189, 26799.9361, 14115.80625, 25355.5091, 9609.398813, 18158.2649, 0, 14475.31178, },
            {36032.73859, 30557.93748, 20739.35073, 17962.8483, 14158.79629, 13245.80206, 6701.527622, 5353.363665, 14475.31178, 0, },
    };
}
