package com.abdul.dbs;

public class APNetwork100 {

    public double getDistance(int node1, int node2) {
        if (node1 < 50) return distance50[node1][node2];
        return distance100[node1-50][node2];
    }

    private final double[][] distance50 = new double[][]{
            {0, 2015.130021, 23111.7619, 22047.58078, 17844.56766, 23780.9643, 22709.74874, 17674.36218, 18071.4608, 18000.62997, 27074.77124, 23732.82088, 29389.45568, 34168.31873, 35851.70706, 39071.26468, 44529.00433, 46896.84858, 50988.95088, 51317.41923, 30565.44348, 31745.27853, 30486.06562, 32982.28932, 32957.41005, 35422.64504, 31732.68152, 31188.22055, 32157.08033, 34659.21089, 35072.87193, 37977.38597, 36273.32636, 38553.63228, 41352.83451, 41676.58405, 44556.38886, 43901.71742, 44483.1302, 54015.79164, 32833.40515, 35392.6898, 36258.447, 38198.61912, 38157.925, 38069.63698, 40319.49939, 41549.10037, 40777.47932, 42227.75701, 43801.76433, 44019.71185, 45156.77167, 44185.16489, 45768.84217, 46930.58735, 49288.02575, 52243.10788, 54313.29685, 54126.61262, 41690.24074, 44034.1747, 41778.69416, 44003.11652, 42918.21983, 45241.20918, 47007.58566, 46327.68661, 45475.64079, 48905.18188, 48692.72962, 47174.93898, 47957.97889, 47293.66877, 49031.91631, 48591.70532, 48892.16387, 50121.4993, 53270.07869, 56590.72312, 49527.44128, 48401.27447, 48568.56213, 49082.42829, 47791.96854, 49954.19764, 49286.5029, 49842.70552, 51393.02527, 50908.75389, 51616.06777, 49806.69118, 51316.69666, 53954.46272, 52197.25615, 50512.68944, 54167.71356, 52589.86832, 54072.19294, 54814.80331,},
            {2015.130021, 0, 21099.29913, 20103.78901, 16268.42534, 22017.47994, 21061.27408, 17586.15314, 18156.00368, 17334.69121, 25387.2566, 22835.40832, 28051.12406, 32807.33113, 34732.66461, 37746.87671, 43534.112, 46053.52241, 50124.90111, 50669.62246, 28550.68446, 29731.46588, 28497.08718, 31033.85671, 31040.70632, 33510.20521, 29918.10093, 29434.45436, 30433.24866, 32915.79014, 33359.10091, 36225.44736, 34704.85798, 36913.43443, 39683.48088, 40047.94026, 42958.09164, 42394.9422, 42971.1936, 52617.75702, 30893.14318, 33379.91298, 34252.36372, 36197.48397, 36191.13707, 36162.91228, 38414.55688, 39691.36194, 38968.5171, 40433.85571, 41981.70706, 42251.96272, 43391.31949, 42486.27747, 44060.39796, 45231.23597, 47641.80271, 50674.26563, 52748.68479, 52619.89197, 39688.07752, 42020.25297, 39798.3796, 42017.2457, 40950.97273, 43264.07022, 45037.67469, 44382.40484, 43559.6168, 46976.86714, 46767.10658, 45283.20631, 46062.80824, 45427.69194, 47147.96432, 46739.74163, 47085.12786, 48387.51731, 51561.41847, 54979.30526, 47597.47666, 46443.04428, 46595.49283, 47075.78558, 45777.63709, 47940.36686, 47280.54695, 47844.08504, 49415.67425, 48964.13521, 49671.38446, 47890.65952, 49392.00545, 52013.94878, 50286.59017, 48619.68567, 52263.22012, 50722.01242, 52214.97048, 52976.10744,},
            {23111.7619, 21099.29913, 0, 4748.868646, 12886.09825, 10141.08303, 12175.67422, 26915.52392, 28429.77321, 22456.32413, 13190.81203, 22909.48331, 20542.98968, 23555.35786, 28311.15127, 27982.83583, 37146.69271, 41147.80151, 44530.46538, 47482.98931, 7667.774951, 8642.042314, 7899.209064, 11318.03353, 12092.7501, 14407.99583, 13515.16007, 14441.17496, 15778.11943, 17345.36556, 18260.28384, 19977.97454, 21852.1636, 22501.07527, 24423.50843, 25401.40559, 28462.13615, 29332.73184, 29766.74097, 40129.93526, 12992.54553, 12281.09305, 13205.36782, 15212.25744, 15817.57253, 16978.61961, 19132.13408, 21198.04558, 21401.75819, 23008.70088, 23997.9738, 25126.51484, 26220.65538, 26463.3172, 27754.51381, 28979.34384, 32024.54461, 35972.92239, 37974.67276, 38657.48243, 19228.68132, 20928.13015, 19114.78626, 21224.47339, 20468.36989, 22593.29578, 24459.21804, 24200.2083, 23878.02692, 27014.22031, 26850.86584, 25948.83459, 26648.78246, 26507.22018, 27880.65498, 27994.42759, 29036.35443, 31402.28744, 34790.029, 39428.09219, 28723.98166, 26984.83594, 26788.15738, 26389.03055, 24690.65394, 26846.64068, 26217.45046, 26856.10135, 28694.81462, 28719.67486, 29416.71643, 28100.83546, 29440.70102, 31791.45102, 30530.709, 29170.26731, 32562.77682, 31603.22379, 33216.65266, 34232.13026,},
            {22047.58078, 20103.78901, 4748.868646, 0, 8626.664897, 5526.104178, 7429.609983, 22962.95959, 24524.84751, 18251.35183, 8925.753482, 18236.69051, 15955.94902, 19269.44161, 23797.77384, 23897.68879, 32759.5153, 36658.47499, 40135.36323, 42906.63132, 11068.05577, 11298.15145, 8817.358483, 10935.36985, 10991.78952, 13469.50141, 10805.17714, 11152.81787, 12444.40181, 14451.9877, 15220.1622, 17475.98299, 18241.93569, 19378.20547, 21652.88655, 22441.00705, 25524.36234, 25992.46717, 26474.21027, 36824.15771, 17532.85062, 14546.66208, 14932.92078, 16651.78745, 16153.93966, 16136.66369, 18388.74212, 19916.94623, 19581.06516, 21146.14438, 22453.1294, 23155.05664, 24290.12926, 24033.61216, 25465.47528, 26689.6234, 29538.67961, 33230.80457, 35282.27493, 35725.5209, 22519.37108, 23032.9128, 19854.75452, 22125.33739, 20909.19538, 23282.64725, 25005.55566, 24280.40553, 23489.07873, 26880.80647, 26674.92347, 25293.5421, 26057.39079, 25563.72582, 27187.31431, 26949.45316, 27592.91275, 29462.51254, 32797.84829, 37014.64143, 32655.04021, 30715.3526, 30351.50878, 29291.93931, 26773.76188, 28836.91944, 27750.42311, 28122.03026, 29425.43464, 28861.76768, 29569.06533, 27816.79583, 29300.50199, 31910.20374, 30224.49316, 28617.75205, 32216.91734, 30827.22774, 32369.88249, 33231.74143,},
            {17844.56766, 16268.42534, 12886.09825, 8626.664897, 0, 6714.656344, 4967.753129, 14374.94329, 15952.83557, 9630.682015, 9392.441396, 10642.38211, 12271.0254, 16857.65033, 19746.94978, 21855.17752, 28918.15825, 32175.84119, 36033.13609, 37791.74986, 19690.71088, 19803.93552, 16827.3145, 17776.97275, 17111.11563, 19370.81493, 14684.2197, 13733.51947, 14547.39379, 17104.33451, 17401.8328, 20428.44804, 18439.26072, 20726.20849, 23557.30455, 23839.13625, 26712.09111, 26139.53823, 26712.50212, 36484.76941, 25877.19028, 22831.98579, 22939.95487, 24408.50858, 23079.72008, 21823.47674, 23977.18266, 24645.32099, 23505.14368, 24849.0741, 26568.42483, 26497.09091, 27617.79155, 26439.10116, 28041.10894, 29180.06905, 31459.47024, 34410.40926, 36483.51038, 36360.98627, 31067.85513, 31030.95736, 26917.7631, 29232.68919, 27639.4242, 30147.92762, 31662.34967, 30466.81215, 29160.93237, 32702.55861, 32453.49079, 30523.84651, 31333.78453, 30380.23468, 32270.69287, 31543.41974, 31535.86257, 32451.40331, 35529.26501, 38746.30414, 41281.017, 39333.57749, 38943.85019, 37659.08791, 34693.08055, 36659.70221, 35238.85169, 35373.51399, 36129.70578, 34936.61574, 35632.03836, 33412.47508, 35019.11933, 37860.08389, 35698.23839, 33828.59978, 37569.45904, 35636.42226, 37017.35469, 37617.87414,},
            {23780.9643, 22017.47994, 10141.08303, 5526.104178, 6714.656344, 0, 2612.431378, 20339.30247, 21945.7176, 15257.06736, 3783.315051, 13737.99994, 10432.75782, 13856.5272, 18273.37501, 18610.86584, 27263.70293, 31135.01188, 34632.98774, 37385.4463, 15030.6149, 14602.29109, 11063.94976, 11289.85188, 10465.1496, 12672.20463, 8061.606879, 7417.970386, 8462.934815, 10904.49547, 11400.81348, 14208.32684, 13527.41937, 15214.85139, 17830.53335, 18364.75923, 21391.40221, 21405.89169, 21930.74376, 32152.19638, 22363.74266, 17123.62907, 16927.91635, 18178.10223, 16514.1187, 15108.92822, 17265.26564, 18021.63566, 17039.67503, 18460.22692, 20087.15005, 20239.5036, 21377.41969, 20534.42013, 22085.74428, 23272.66179, 25827.98851, 29174.70298, 31252.13733, 31438.52966, 25718.44364, 24880.46417, 20351.52551, 22661.78659, 20992.6705, 23514.17289, 24988.28722, 23755.65118, 22453.39762, 25992.38803, 25744.9212, 23857.73846, 24664.66848, 23775.52863, 25630.39409, 24987.39005, 25139.46698, 26376.77898, 29578.13232, 33261.67174, 36434.69574, 34258.60361, 33689.30028, 31850.38129, 28450.77127, 30340.83963, 28761.10634, 28811.7235, 29451.09625, 28221.98291, 28917.53294, 26716.60709, 28316.78383, 31148.72589, 29017.65392, 27175.1397, 30906.60072, 29055.09392, 30474.08771, 31137.18261,},
            {22709.74874, 21061.27408, 12175.67422, 7429.609983, 4967.753129, 2612.431378, 0, 17849.35538, 19455.68211, 12734.01948, 4424.68852, 11175.58464, 8961.018513, 12995.86056, 16849.7064, 17935.4134, 25991.42722, 29665.93229, 33304.96925, 35735.27365, 17560.96911, 17193.89109, 13676.36823, 13770.90688, 12820.3512, 14905.77487, 9888.63013, 8795.363399, 9580.206706, 12139.27377, 12437.51829, 15461.91783, 13730.34587, 15852.59474, 18644.0045, 18987.13148, 21914.42864, 21550.17032, 22106.72357, 32106.57201, 24730.16886, 19734.92849, 19518.55215, 20727.02788, 18918.21777, 17225.55652, 19312.78368, 19797.82407, 18572.9124, 19896.44005, 21636.80044, 21530.10984, 22650.21296, 21498.336, 23094.42723, 24241.99916, 26583.70147, 29659.9467, 31738.4283, 31730.23435, 28328.76967, 27436.83348, 22742.97593, 25043.76066, 23297.55144, 25830.28719, 27239.31043, 25890.09268, 24454.82492, 28004.44201, 27746.49151, 25714.05474, 26527.25858, 25505.98971, 27425.96786, 26637.025, 26579.81968, 27492.79537, 30589.10227, 33921.97842, 39021.8297, 36860.36669, 36298.7312, 34449.27173, 30980.52749, 32844.66787, 31196.36222, 31190.14079, 31685.46437, 30290.12387, 30977.70244, 28656.95554, 30281.49457, 33162.90475, 30905.2722, 28996.98154, 32746.01367, 30740.4452, 32100.12654, 32677.36728,},
            {17674.36218, 17586.15314, 26915.52392, 22962.95959, 14374.94329, 20339.30247, 17849.35538, 0, 1606.691177, 5152.735715, 21443.70573, 10130.84858, 18708.04051, 22970.36697, 22194.50547, 26977.32951, 29461.1828, 30899.37442, 35007.81553, 34439.29287, 34026.65067, 34178.70667, 31115.15417, 31613.55287, 30650.20918, 32639.03737, 27308.54797, 25746.37038, 26036.42051, 28467.41923, 28330.23676, 31492.67765, 27257.18919, 30252.45384, 33188.64844, 32896.35172, 35122.30694, 33376.71063, 33976.24335, 41769.21186, 39750.70977, 37159.30396, 37165.39698, 38504.83198, 36758.16037, 34798.0288, 36750.88377, 36722.56093, 35021.8652, 36042.86968, 37976.77492, 37199.51995, 38201.76294, 36216.96997, 37823.49314, 38758.15866, 40179.57931, 41952.09331, 43870.20292, 43014.48614, 45442.66678, 45192.92587, 40573.32706, 42865.82115, 41055.95171, 43593.05221, 44916.90395, 43393.82404, 41729.75132, 45252.77653, 44976.14058, 42658.77841, 43470.00676, 42157.56673, 44190.78722, 43051.20679, 42418.57062, 42282.14766, 44847.15775, 46633.86149, 55564.53758, 53674.27279, 53309.96464, 51985.59497, 48786.68823, 50678.94266, 49041.85372, 49003.2013, 49319.96477, 47629.78073, 48294.56501, 45740.77211, 47398.07301, 50358.98253, 47831.57561, 45794.37601, 49522.43827, 47143.21982, 48302.8428, 48610.46177,},
            {18071.4608, 18156.00368, 28429.77321, 24524.84751, 15952.83557, 21945.7176, 19455.68211, 1606.691177, 0, 6750.020382, 23032.64857, 11465.98157, 20121.64844, 24295.05161, 23268.96953, 28183.41632, 30243.82917, 31475.13476, 35565.75996, 34737.80597, 35583.34582, 35755.95766, 32711.03739, 33220.23092, 32254.80033, 34238.20212, 28897.53338, 27321.95255, 27594.69079, 30013.12578, 29859.09515, 33016.62539, 28692.18295, 31706.66137, 34634.88149, 34311.44529, 36487.27504, 34674.56902, 35272.15266, 42871.96854, 41227.75671, 38751.75144, 38766.30329, 40110.07008, 38363.25595, 36388.43444, 38333.4688, 38278.9238, 36557.04462, 37560.83291, 39501.01124, 38689.99109, 39683.37624, 37659.78618, 39261.18111, 40180.72704, 41543.32846, 43227.89595, 45127.24806, 44219.81552, 47017.35075, 46797.0647, 42177.52745, 44469.29196, 42655.18871, 45192.30551, 46510.47315, 44977.14673, 43300.60593, 46820.12151, 46542.52236, 44210.22131, 45020.6477, 43692.87732, 45730.46804, 44571.88545, 43907.14387, 43709.81952, 46235.67676, 47918.18741, 57102.78675, 55228.92082, 54875.62661, 53579.12964, 50392.52281, 52285.54213, 50647.37203, 50605.73705, 50909.99208, 49201.56535, 49864.66331, 47298.01929, 48956.28532, 51920.60253, 49377.89835, 47334.51789, 51058.28837, 48658.32909, 49804.40526, 50094.97878,},
            {18000.62997, 17334.69121, 22456.32413, 18251.35183, 9630.682015, 15257.06736, 12734.01948, 5152.735715, 6750.020382, 0, 16294.07383, 6164.567739, 14082.75204, 18604.12501, 18718.43817, 22969.72897, 26847.85753, 28950.92917, 33058.18497, 33343.88636, 29303.59663, 29332.60866, 26143.18959, 26504.92571, 25513.30175, 27488.18174, 22158.46719, 20613.79334, 20937.46065, 23394.93484, 23299.20752, 26470.30498, 22498.54328, 25425.465, 28377.31308, 28177.92446, 30548.54553, 29019.69443, 29622.37444, 37989.13319, 35419.45991, 32207.11092, 32144.64761, 33435.13331, 31623.84572, 29646.72626, 31606.62669, 31622.20635, 29968.96473, 31030.99807, 32947.92202, 32257.54984, 33282.26379, 31408.77952, 33026.82219, 34003.11529, 35594.352, 37628.65714, 39598.21877, 38905.59853, 40597.45232, 40135.43873, 35433.90753, 37723.43866, 35905.16833, 38442.28513, 39764.27941, 38248.36784, 36601.67219, 40130.05265, 39855.10314, 37566.55326, 38379.19216, 37100.38383, 39123.03719, 38027.68419, 37476.06255, 37506.19099, 40179.04661, 42270.89898, 50905.4214, 48932.64373, 48509.25316, 47016.00473, 43704.89876, 45578.23184, 43909.96869, 43857.91296, 44168.68516, 42499.56158, 43166.94274, 40636.28922, 42291.43573, 45245.58767, 42748.50175, 40725.05848, 44461.30613, 42130.84498, 43322.92386, 43673.43466,},
            {27074.77124, 25387.2566, 13190.81203, 8925.753482, 9392.441396, 3783.315051, 4424.68852, 21443.70573, 23032.64857, 16294.07383, 0, 13295.50846, 7696.18711, 10379.21097, 15197.76908, 14975.59313, 23955.88653, 27986.9187, 31339.65695, 34405.72835, 16713.80532, 15850.64943, 11959.98343, 10893.45804, 9568.768806, 11289.62793, 5864.931754, 4453.379182, 5157.01257, 7720.027762, 8019.339546, 11039.31931, 9753.778539, 11578.69701, 14299.08945, 14730.01416, 17719.61012, 17634.95058, 18164.74927, 28369.81867, 24526.28322, 17710.82873, 17123.31997, 17978.58546, 15615.24609, 13356.33452, 15320.72691, 15544.95344, 14201.09077, 15493.60178, 17262.08997, 17106.53773, 18225.78425, 17110.55153, 18697.65976, 19855.92144, 22274.68328, 25497.86813, 27577.42994, 27703.28067, 26443.75408, 24642.50005, 19344.19229, 21594.04345, 19682.48693, 22215.91215, 23485.0859, 21958.3024, 20368.94748, 23912.71006, 23644.89553, 21491.328, 22306.41004, 21201.69031, 23155.38354, 22290.30489, 22170.16009, 23079.40354, 26197.50365, 29664.32958, 37454.26279, 35107.51265, 34380.49859, 31972.97952, 28004.96367, 29736.29964, 27850.42214, 27684.60355, 27877.40059, 26251.73607, 26927.52381, 24493.09681, 26134.60755, 29055.91056, 26690.81172, 24739.59759, 28492.25023, 26402.71133, 27735.96987, 28285.25112,},
            {23732.82088, 22835.40832, 22909.48331, 18236.69051, 10642.38211, 13737.99994, 11175.58464, 10130.84858, 11465.98157, 6164.567739, 13295.50846, 0, 8727.825604, 12840.74948, 12553.87064, 16941.6177, 20829.45475, 23220.56679, 27289.63946, 28102.31971, 28735.83288, 28334.81409, 24702.72005, 24164.50733, 22862.25172, 24464.70504, 18908.95851, 17065.71008, 17042.6795, 19259.78638, 18943.34412, 22028.98657, 17313.83982, 20372.52371, 23270.80254, 22884.74282, 25021.57424, 23246.87185, 23846.73589, 31892.24812, 35756.67026, 30696.69169, 30289.57888, 31252.26205, 28874.69507, 26275.86424, 28009.84143, 27553.49874, 25633.05793, 26500.10327, 28473.63255, 27471.41172, 28423.75109, 26282.08627, 27869.93099, 28760.62262, 30077.41549, 31828.17262, 33756.44807, 32952.47122, 39375.62752, 37932.11728, 32547.59858, 34756.9145, 32747.03732, 35256.07779, 36367.39824, 34602.79478, 32725.68072, 36172.73521, 35883.89205, 33390.91107, 34188.97172, 32729.59118, 34794.43543, 33499.27697, 32666.29115, 32295.60843, 34777.17279, 36506.19101, 50167.47491, 47963.04747, 47348.93158, 45206.40742, 41296.97012, 43006.25918, 41038.89846, 40773.72086, 40639.85651, 38603.06359, 39238.60921, 36524.85879, 38186.10939, 41176.70518, 38485.82072, 36395.95721, 40072.51174, 37539.32238, 38610.48299, 38826.6005,},
            {29389.45568, 28051.12406, 20542.98968, 15955.94902, 12271.0254, 10432.75782, 8961.018513, 18708.04051, 20121.64844, 14082.75204, 7696.18711, 8727.825604, 0, 4791.973559, 7897.453829, 9696.127627, 17032.39964, 20744.81351, 24345.82133, 26952.87289, 24390.56286, 23443.65741, 19504.44744, 17826.08409, 16226.40633, 17271.54271, 11847.08042, 9803.589316, 9322.050785, 11118.47237, 10607.19087, 13548.4249, 8587.128433, 11647.44283, 14543.39705, 14190.72254, 16468.8487, 15018.87901, 15620.70247, 24651.5093, 32221.04534, 25003.51421, 24190.12316, 24718.78311, 21790.31529, 18622.8011, 20085.35526, 19244.59845, 17166.90259, 17914.02887, 19900.87765, 18781.30297, 19714.43401, 17557.40485, 19149.89799, 20059.15279, 21519.24299, 23617.95327, 25618.86908, 25087.28683, 33694.9967, 31165.05998, 25197.69319, 27273.71429, 25122.38973, 27554.49368, 28461.31312, 26516.51466, 24486.96217, 27842.07736, 27546.50497, 24945.32981, 25728.85887, 24181.04847, 26255.5368, 24875.9075, 23959.77458, 23589.34079, 26146.07338, 28227.69842, 44806.03156, 42369.68524, 41544.42642, 38711.59251, 34242.17298, 35758.18466, 33534.31787, 33078.46941, 32576.33211, 30293.12303, 30903.19993, 28094.79477, 29749.09532, 32744.02961, 29961.87425, 27848.77903, 31483.76633, 28881.15581, 29916.6468, 30108.13255,},
            {34168.31873, 32807.33113, 23555.35786, 19269.44161, 16857.65033, 13856.5272, 12995.86056, 22970.36697, 24295.05161, 18604.12501, 10379.21097, 12840.74948, 4791.973559, 0, 5546.740509, 4999.218131, 13624.3518, 17798.84044, 21000.5528, 24399.75578, 26186.88546, 24927.36231, 20981.40005, 18503.93301, 16748.56273, 17119.03691, 12401.62363, 10464.09114, 9447.993245, 10187.85633, 9317.48712, 11547.24826, 5556.713984, 8557.013796, 11129.09071, 10427.00437, 12246.27096, 10426.56096, 11028.52437, 19860.55409, 34247.73772, 25839.68899, 24729.44622, 24852.35573, 21496.82167, 17806.86397, 18801.55373, 17322.76571, 14977.75254, 15340.68302, 17302.27548, 15735.68034, 16513.4959, 13986.4395, 15486.43819, 16242.8716, 17285.62833, 19030.50368, 20994.10247, 20359.79165, 34281.55536, 30879.62972, 24470.30292, 26325.01617, 24063.04233, 26325.28879, 26931.55996, 24761.16791, 22523.76043, 25630.19007, 25327.24826, 22551.96719, 23285.47932, 21545.37297, 23606.45622, 21995.08063, 20705.5696, 19769.56229, 22045.6141, 23689.36292, 45439.4928, 42865.49015, 41890.5449, 38527.73246, 33604.39282, 34889.8929, 32417.44926, 31737.54571, 30735.70253, 28077.27125, 28629.72969, 25674.69554, 27287.08585, 30250.18232, 27294.33538, 25151.26835, 28622.59897, 25814.27241, 26673.8179, 26689.8709,},
            {35851.70706, 34732.66461, 28311.15127, 23797.77384, 19746.94978, 18273.37501, 16849.7064, 22194.50547, 23268.96953, 18718.43817, 15197.76908, 12553.87064, 7897.453829, 5546.740509, 0, 5658.942559, 9195.232135, 12862.2342, 16458.05855, 19208.49424, 31518.29523, 30338.89516, 26379.25394, 24025.60413, 22278.52569, 22659.42852, 17906.37231, 15932.77286, 14969.48525, 15703.72481, 14798.93956, 16777.33347, 10691.95412, 13366.3843, 15469.55881, 14428.31071, 15346.18875, 12683.96577, 13216.93901, 19606.47383, 39523.73823, 31361.59606, 30271.29321, 30395.69511, 27015.20407, 23266.6916, 24138.70664, 22443.14002, 20023.18121, 20155.72649, 22043.50155, 20183.04746, 20789.91656, 17980.59666, 19289.01795, 19797.98045, 20042.5104, 20675.46327, 22399.32831, 21204.36527, 39826.26444, 36376.64522, 29908.42548, 31700.37147, 29421.00628, 31615.40992, 32104.16852, 29853.98017, 27541.35132, 30468.1512, 30164.5166, 27319.37972, 28007.61094, 26162.36795, 28175.36387, 26408.03969, 24796.49392, 23176.98941, 24894.35725, 25352.93565, 50985.05952, 48412.19474, 47434.49206, 44027.32512, 39029.4924, 40252.07726, 37712.11687, 36954.56559, 35733.07287, 32884.40986, 33394.19777, 30377.24018, 31939.21286, 34844.65544, 31792.13712, 29656.99522, 32939.83272, 29983.81814, 30647.37159, 30462.88408,},
            {39071.26468, 37746.87671, 27982.83583, 23897.68879, 21855.17752, 18610.86584, 17935.4134, 26977.32951, 28183.41632, 22969.72897, 14975.59313, 16941.6177, 9696.127627, 4999.218131, 5658.942559, 0, 9977.781116, 14471.19038, 17101.44457, 21267.65232, 29818.70309, 28361.61299, 24512.47778, 21545.19625, 19759.85435, 19562.29217, 15742.08847, 14064.05534, 12830.94677, 12647.74599, 11606.40295, 12720.40104, 7078.440922, 8903.583093, 10408.32258, 9186.765478, 9737.379437, 7026.296013, 7564.961085, 15077.52235, 37930.70158, 28756.98545, 27434.02202, 27206.63071, 23590.45933, 19603.22633, 20065.82956, 17981.5993, 15514.72381, 15354.18059, 17120.3825, 15051.04321, 15530.82406, 12621.22, 13821.58433, 14243.30201, 14383.57256, 15193.01682, 17008.45668, 16038.67714, 36822.32762, 32692.85982, 26035.64501, 27605.62651, 25308.49564, 27313.56855, 27574.3558, 25224.29486, 22836.66108, 25521.57724, 25220.20261, 22337.51712, 22975.9767, 21062.73785, 23016.32414, 21158.44722, 19386.75208, 17566.35141, 19235.65472, 19893.52248, 47886.11301, 45214.86578, 44115.50661, 40301.58722, 35017.45603, 36044.91384, 33363.16825, 32458.59557, 30920.49027, 27886.3628, 28352.3684, 25304.98036, 26812.3498, 29654.34635, 26553.29775, 24439.38111, 27585.65758, 24572.36557, 25151.94236, 24905.03239,},
            {44529.00433, 43534.112, 37146.69271, 32759.5153, 28918.15825, 27263.70293, 25991.42722, 29461.1828, 30243.82917, 26847.85753, 23955.88653, 20829.45475, 17032.39964, 13624.3518, 9195.232135, 9977.781116, 0, 4538.347102, 7383.774732, 11336.24721, 39625.8195, 38239.48412, 34347.88188, 31494.82862, 29708.99784, 29536.53014, 25599.70446, 23816.73545, 22647.93996, 22621.48987, 21583.08613, 22556.78304, 17055.68956, 18666.30741, 19570.62534, 18158.19813, 17424.22205, 14270.92925, 14509.2943, 15251.04994, 47726.1507, 38729.75325, 37411.53778, 37157.72319, 33510.73093, 29486.51334, 29782.25556, 27480.39426, 25034.91762, 24602.47132, 26154.71034, 23838.65148, 24034.74055, 21055.8232, 21825.21814, 21816.00625, 20629.51443, 19278.00341, 20340.13741, 18390.02591, 46782.92678, 42493.70389, 35792.69485, 37229.92012, 34943.3853, 36795.65179, 36849.73061, 34428.72696, 31999.06207, 34295.59863, 34004.20088, 31127.50606, 31664.45658, 29679.59839, 31454.35684, 29445.79772, 27277.3475, 24498.77773, 25015.09384, 23366.39549, 57821.54261, 55133.69519, 54006.43045, 50054.47407, 44639.98507, 45525.59404, 42747.341, 41711.71092, 39806.92666, 36525.66484, 36902.20441, 33861.07259, 35223.3127, 37861.17584, 34709.28586, 32703.57346, 35382.67464, 32258.27401, 32465.29072, 31879.02871,},
            {46896.84858, 46053.52241, 41147.80151, 36658.47499, 32175.84119, 31135.01188, 29665.93229, 30899.37442, 31475.13476, 28950.92917, 27986.9187, 23220.56679, 20744.81351, 17798.84044, 12862.2342, 14471.19038, 4538.347102, 0, 4119.386598, 6803.242439, 43943.64021, 42606.16433, 38691.67114, 35926.80907, 34142.07919, 34031.77284, 29975.14541, 28145.44055, 27011.67004, 27090.95193, 26060.31408, 27091.53044, 21538.29735, 23203.30747, 24082.36945, 22659.95043, 21789.54802, 18654.19544, 18849.73387, 17948.38495, 52026.38015, 43189.35545, 41895.8295, 41672.83409, 38036.37121, 34018.32085, 34319.98414, 32006.3409, 29564.54156, 29108.57615, 30631.26792, 28290.81237, 28444.57225, 25477.36995, 26175.24632, 26093.82204, 24676.24848, 22871.04558, 23680.21603, 21547.00493, 51292.62078, 47032.00643, 40330.86227, 41761.18828, 39476.09049, 41313.25645, 41340.15928, 38911.79693, 36479.87281, 38707.12348, 38418.3523, 35551.31015, 36068.71474, 34078.73714, 35813.05043, 33785.79463, 31555.48707, 28612.77132, 28854.58424, 26623.92236, 62344.35143, 59661.36891, 58539.4306, 54591.92756, 49169.2305, 50038.52919, 47248.48476, 46193.70005, 44226.75043, 40905.24104, 41262.7256, 38232.91314, 39561.18831, 42145.26908, 38995.70678, 37022.14449, 39585.56513, 36455.50107, 36575.04317, 35912.33257,},
            {50988.95088, 50124.90111, 44530.46538, 40135.36323, 36033.13609, 34632.98774, 33304.96925, 35007.81553, 35565.75996, 33058.18497, 31339.65695, 27289.63946, 24345.82133, 21000.5528, 16458.05855, 17101.44457, 7383.774732, 4119.386598, 0, 5895.777047, 46897.18917, 45461.73161, 41600.47639, 38630.61792, 36846.9811, 36513.3883, 32833.44167, 31101.19046, 29902.27086, 29704.57409, 28650.68217, 29313.64093, 24135.75777, 25411.55864, 25869.54001, 24406.40967, 23055.89192, 20044.74224, 20122.38602, 16951.09355, 55006.31025, 45791.12259, 44405.10787, 44020.06419, 40312.32369, 36243.91864, 36320.11874, 33831.57176, 31447.06099, 30805.64342, 32158.49525, 29738.13368, 29739.38789, 26849.51637, 27322.38955, 27059.35821, 25197.26121, 22734.83735, 23192.13829, 20903.4244, 53654.19458, 49052.34443, 42328.78959, 43595.79753, 41340.62561, 43013.04265, 42865.20075, 40411.36205, 37982.83566, 39917.89147, 39640.02786, 36826.86938, 37273.42964, 35282.54395, 36878.85441, 34816.14888, 32448.5919, 29189.64523, 28949.66575, 25962.18744, 64594.14405, 61868.50004, 60682.14216, 56511.38421, 50952.48615, 51669.7894, 48810.05046, 47653.16393, 45435.31865, 41998.16701, 42295.70939, 39319.51202, 40540.04301, 42964.58757, 39842.22303, 37966.88464, 40230.31501, 37113.34201, 37049.43673, 36246.69371,},
            {51317.41923, 50669.62246, 47482.98931, 42906.63132, 37791.74986, 37385.4463, 35735.27365, 34439.29287, 34737.80597, 33343.88636, 34405.72835, 28102.31971, 26952.87289, 24399.75578, 19208.49424, 21267.65232, 11336.24721, 6803.242439, 5895.777047, 0, 50585.99842, 49294.22613, 45363.08115, 42673.85998, 40891.02419, 40822.74754, 36683.44607, 34819.65862, 33715.36997, 33868.82925, 32843.26914, 33892.89122, 28326.28938, 30002.17191, 30817.55795, 29381.94436, 28345.23763, 25246.71629, 25395.40566, 22846.33021, 58644.55407, 49954.5045, 48678.78591, 48472.90695, 44839.44719, 40821.10832, 41105.94623, 38761.36627, 36328.1827, 35830.11456, 37305.89466, 34934.37199, 35030.97346, 32086.95634, 32693.02836, 32524.30575, 30848.38589, 28563.20123, 29072.33963, 26792.93619, 58089.8629, 53825.10179, 47119.4219, 48525.51018, 46244.52161, 48048.30397, 48026.91377, 45588.20514, 43154.72609, 45275.64424, 44991.11077, 42142.42521, 42631.191, 40637.84849, 42312.74186, 40265.31086, 37961.48323, 34830.66325, 34741.04776, 31855.95906, 69146.70166, 66464.57836, 65341.89062, 61375.01142, 55927.30186, 56761.7274, 53950.71062, 52863.39617, 50800.27477, 47424.25323, 47753.894, 44745.72837, 46023.79528, 48527.268, 45388.74446, 43464.13355, 45863.82498, 42737.39416, 42742.13983, 41984.02992,},
            {30565.44348, 28550.68446, 7667.774951, 11068.05577, 19690.71088, 15030.6149, 17560.96911, 34026.65067, 35583.34582, 29303.59663, 16713.80532, 28735.83288, 24390.56286, 26186.88546, 31518.29523, 29818.70309, 39625.8195, 43943.64021, 46897.18917, 50585.99842, 0, 2042.756371, 5318.454704, 8840.545072, 10477.6655, 11852.72116, 14080.5579, 15809.25153, 16995.16702, 17506.21918, 18563.99034, 19085.10465, 22920.55423, 22510.11992, 23598.65855, 24866.8593, 27692.88846, 29335.09985, 29646.74565, 39662.06531, 8112.100885, 5285.767892, 6780.140953, 8887.542123, 10965.81334, 13749.51133, 15437.49372, 18111.22934, 19174.4549, 20696.90164, 21079.42655, 22826.47506, 23774.52052, 24867.28958, 25827.1853, 26983.04308, 30228.21095, 34496.29411, 36338.37998, 37461.59296, 11600.99019, 13605.07542, 13294.35187, 15052.76021, 14925.83359, 16594.51504, 18535.52868, 18876.02863, 19214.83529, 21822.49278, 21723.18438, 21533.15604, 22101.8759, 22479.85869, 23413.63467, 24034.60324, 25631.66894, 28685.03329, 32022.15762, 37237.36427, 21612.1709, 19648.06011, 19315.23468, 18722.07259, 17316.38061, 19502.05047, 19218.92483, 20078.9039, 22404.04173, 23105.60932, 23764.97379, 23058.52199, 24154.13553, 26104.32898, 25418.64719, 24444.91769, 27432.48729, 27089.53453, 28743.92661, 29943.75202,},
            {31745.27853, 29731.46588, 8642.042314, 11298.15145, 19803.93552, 14602.29109, 17193.89109, 34178.70667, 35755.95766, 29332.60866, 15850.64943, 28334.81409, 23443.65741, 24927.36231, 30338.89516, 28361.61299, 38239.48412, 42606.16433, 45461.73161, 49294.22613, 2042.756371, 0, 3963.824139, 7055.85665, 8767.364384, 9948.332365, 12639.78307, 14475.49476, 15596.20969, 15895.41004, 16958.40096, 17283.69921, 21386.84143, 20802.66989, 21764.4731, 23061.34561, 25841.17882, 27575.37982, 27868.40024, 37804.84445, 9711.062229, 3669.309297, 4911.660964, 7025.692379, 8926.649723, 11750.0406, 13403.82881, 16096.48517, 17217.85526, 18724.39544, 19064.2278, 20845.6587, 21780.0156, 22939.09883, 23865.14608, 25011.71104, 28263.96031, 32548.90118, 34374.18954, 35533.28861, 11267.59711, 12288.97334, 11363.9314, 13207.74635, 12962.60208, 14718.60869, 16653.18411, 16902.47283, 17188.52627, 19843.03597, 19736.96702, 19499.76096, 20074.73724, 20438.11701, 21384.62864, 21992.69484, 23592.08395, 26664.89244, 29996.04055, 35233.89754, 21832.99938, 19680.26213, 19185.19523, 18023.71299, 16049.3074, 18208.9206, 17693.11709, 18451.67717, 20620.81014, 21184.19418, 21851.26073, 21067.27484, 22190.82923, 24202.01621, 23438.91637, 22431.43929, 25458.26944, 25067.11956, 26721.12552, 27913.62273,},
            {30486.06562, 28497.08718, 7899.209064, 8817.358483, 16827.3145, 11063.94976, 13676.36823, 31115.15417, 32711.03739, 26143.18959, 11959.98343, 24702.72005, 19504.44744, 20981.40005, 26379.25394, 24512.47778, 34347.88188, 38691.67114, 41600.47639, 45363.08115, 5318.454704, 3963.824139, 0, 3892.025121, 5309.028009, 7104.814691, 8770.481481, 10546.87212, 11701.97549, 12203.99007, 13258.5442, 13952.31166, 17602.10151, 17255.00806, 18499.90014, 19716.17049, 22612.91067, 24116.87573, 24449.03529, 34568.94733, 13425.55114, 6072.017774, 6149.191664, 7839.062715, 7920.793641, 9434.717432, 11460.54126, 13803.40748, 14467.42504, 16048.49922, 16723.67459, 18200.1296, 19222.33503, 19997.00246, 21082.74716, 22274.85239, 25469.93507, 29653.60542, 31557.74447, 32545.84304, 14674.69448, 14266.2161, 11329.96864, 13522.83732, 12604.29966, 14809.86163, 16637.45165, 16302.29611, 16021.89109, 19117.24794, 18956.53431, 18150.54865, 18827.11185, 18814.81468, 20081.84623, 20334.00814, 21590.55579, 24301.37845, 27684.43889, 32669.02737, 25543.0733, 23271.78546, 22648.69049, 20875.13941, 17984.88647, 20029.21248, 18955.32358, 19392.875, 20950.84152, 20830.75056, 21529.73073, 20214.46137, 21542.57497, 23903.60444, 22642.8917, 21327.03525, 24676.45052, 23810.72176, 25439.73221, 26506.53263,},
            {32982.28932, 31033.85671, 11318.03353, 10935.36985, 17776.97275, 11289.85188, 13770.90688, 31613.55287, 33220.23092, 26504.92571, 10893.45804, 24164.50733, 17826.08409, 18503.93301, 24025.60413, 21545.19625, 31494.82862, 35926.80907, 38630.61792, 42673.85998, 8840.545072, 7055.85665, 3892.025121, 0, 1785.861097, 3219.386956, 6131.811921, 8157.439645, 9057.285228, 8940.062971, 10001.34354, 10246.79218, 14496.22826, 13752.59585, 14759.1839, 16028.65429, 18857.65489, 20522.11956, 20821.03489, 30826.65457, 16765.24058, 7336.304039, 6364.892283, 7088.157396, 5334.556459, 5671.093861, 7816.059204, 9977.219202, 10575.78689, 12156.59833, 12868.87368, 14308.2631, 15333.35761, 16135.17224, 17197.39353, 18386.46163, 21588.57101, 25790.65841, 27682.38128, 28706.19689, 15903.29585, 13776.90518, 9155.90738, 11469.4686, 10031.94003, 12475.70434, 14124.32771, 13349.27847, 12692.9468, 15997.66433, 15804.28961, 14671.10661, 15392.47152, 15189.38481, 16598.93195, 16677.83005, 17801.1131, 20426.26265, 23812.70171, 28777.01094, 27052.35226, 24565.57809, 23718.75185, 21084.52618, 17235.5978, 19074.83609, 17481.73724, 17600.12628, 18575.47164, 17931.13727, 18638.29303, 16990.59902, 18426.67907, 20985.62498, 19415.66443, 17935.88109, 21431.81343, 20311.25463, 21914.53576, 22915.43486,},
            {32957.41005, 31040.70632, 12092.7501, 10991.78952, 17111.11563, 10465.1496, 12820.3512, 30650.20918, 32254.80033, 25513.30175, 9568.768806, 22862.25172, 16226.40633, 16748.56273, 22278.52569, 19759.85435, 29708.99784, 34142.07919, 36846.9811, 40891.02419, 10477.6655, 8767.364384, 5309.028009, 1785.861097, 0, 2477.730998, 4427.452029, 6475.144853, 7310.625332, 7164.870138, 8227.468295, 8646.000169, 12713.98398, 12043.02764, 13191.19958, 14417.23125, 17303.90542, 18857.97121, 19174.39389, 29261.53369, 18475.4099, 9096.174045, 8029.314236, 8516.65044, 6112.369523, 5145.805713, 7397.088511, 9137.558786, 9372.24197, 10976.9298, 11905.4426, 13117.86218, 14186.2974, 14746.7929, 15896.68836, 17104.78484, 20259.10509, 24395.51187, 26323.1813, 27259.99195, 17592.96131, 15105.64385, 9924.289641, 12223.40954, 10531.6419, 13049.51561, 14554.90956, 13490.18813, 12519.06511, 15960.22057, 15741.77255, 14305.07373, 15066.1216, 14636.97881, 16205.64844, 16067.85092, 16962.76467, 19345.02792, 22736.35301, 27543.60316, 28752.09486, 26236.91822, 25353.71917, 22541.223, 18436.20062, 20183.50474, 18399.2277, 18370.43026, 19023.96046, 18042.30794, 18747.5937, 16850.19462, 18363.35345, 21052.94887, 19247.34479, 17626.40911, 21231.62562, 19867.31409, 21431.34246, 22348.98706,},
            {35422.64504, 33510.20521, 14407.99583, 13469.50141, 19370.81493, 12672.20463, 14905.77487, 32639.03737, 34238.20212, 27488.18174, 11289.62793, 24464.70504, 17271.54271, 17119.03691, 22659.42852, 19562.29217, 29536.53014, 34031.77284, 36513.3883, 40822.74754, 11852.72116, 9948.332365, 7104.814691, 3219.386956, 2477.730998, 0, 5566.373835, 7521.940724, 7987.581705, 7003.610781, 7995.830356, 7482.084424, 12497.04139, 11234.69685, 11861.40473, 13202.52335, 15910.42446, 17790.75965, 18043.2866, 27864.74028, 19563.55918, 9341.398258, 7891.71999, 7740.646452, 4518.778828, 2668.910892, 4919.380253, 6798.118969, 7380.906202, 8950.300123, 9660.411418, 11100.97513, 12117.60307, 13017.10397, 14023.23634, 15202.08177, 18421.72793, 22657.96689, 24525.34361, 25609.81205, 17283.32133, 13916.75117, 8082.908671, 10308.72506, 8416.986583, 10954.10338, 12334.99915, 11115.96435, 10053.99996, 13516.39686, 13292.36632, 11828.54633, 12588.49646, 12188.24487, 13731.75822, 13637.09336, 14636.49119, 17207.31666, 20594.35351, 25570.49109, 28401.4093, 25783.82384, 24778.06406, 21518.26875, 16988.43625, 18586.15781, 16579.51474, 16397.35813, 16788.46261, 15639.45394, 16342.43384, 14384.5774, 15909.93581, 18629.7139, 16776.38822, 15148.75159, 18756.95365, 17401.18393, 18972.67376, 19910.34014,},
            {31732.68152, 29918.10093, 13515.16007, 10805.17714, 14684.2197, 8061.606879, 9888.63013, 27308.54797, 28897.53338, 22158.46719, 5864.931754, 18908.95851, 11847.08042, 12401.62363, 17906.37231, 15742.08847, 25599.70446, 29975.14541, 32833.44167, 36683.44607, 14080.5579, 12639.78307, 8770.481481, 6131.811921, 4427.452029, 5566.373835, 0, 2052.870606, 2968.979526, 3832.477738, 4784.674178, 6671.47796, 8874.519795, 9012.820136, 10955.54705, 11888.25331, 14955.61545, 15895.87434, 16303.78937, 26643.47303, 22192.31678, 13460.87783, 12455.44793, 12874.21922, 10042.56946, 7492.720083, 9473.628872, 9967.17677, 9051.076301, 10538.3832, 12069.37589, 12449.83555, 13592.20145, 13231.61025, 14661.94132, 15885.25833, 18752.77905, 22544.69275, 24574.82161, 25163.88068, 22016.70784, 19344.48257, 13644.81024, 15848.29087, 13868.67147, 16394.17546, 17626.35021, 16101.49761, 14575.75128, 18125.45743, 17864.67165, 15843.2939, 16654.59376, 15716.16452, 17587.88063, 16928.37104, 17167.52485, 18723.00853, 22029.9476, 26223.26729, 33173.42506, 30664.15083, 29778.00562, 26866.81594, 22523.50319, 24149.5061, 22130.0705, 21889.99155, 22012.67717, 20433.83974, 21116.07248, 18768.57068, 20393.14557, 23281.47675, 21026.45182, 19144.40537, 22886.38205, 20993.53495, 22416.09181, 23100.22823,},
            {31188.22055, 29434.45436, 14441.17496, 11152.81787, 13733.51947, 7417.970386, 8795.363399, 25746.37038, 27321.95255, 20613.79334, 4453.379182, 17065.71008, 9803.589316, 10464.09114, 15932.77286, 14064.05534, 23816.73545, 28145.44055, 31101.19046, 34819.65862, 15809.25153, 14475.49476, 10546.87212, 8157.439645, 6475.144853, 7521.940724, 2052.870606, 0, 1336.963349, 3492.257726, 4101.651238, 6791.105363, 7455.862754, 8226.211994, 10581.38153, 11296.82512, 14377.68317, 14930.06464, 15386.93442, 25757.51789, 23910.81581, 15469.10203, 14498.51101, 14924.0708, 12029.71565, 9213.119588, 11033.41938, 11097.42178, 9777.579105, 11120.25349, 12841.49487, 12836.0455, 13970.76184, 13165.6924, 14694.4809, 15892.22902, 18552.94267, 22110.60749, 24172.11067, 24573.05338, 24055.50077, 21369.97932, 15561.82474, 17727.09026, 15684.48509, 18190.45035, 19330.39726, 17674.5011, 15988.61959, 19521.53414, 19249.01874, 17047.87555, 17863.03577, 16749.06351, 18702.66092, 17849.58496, 17809.50683, 18959.90438, 22174.94698, 26022.04444, 35208.72859, 32708.31805, 31828.37496, 28908.02351, 24508.6572, 26098.78973, 24014.2405, 23710.29343, 23659.85567, 21885.76845, 22553.76232, 20067.56048, 21714.52006, 24650.6535, 22247.24622, 20288.06219, 24040.69423, 21958.56425, 23306.46805, 23885.50699,},
            {32157.08033, 30433.24866, 15778.11943, 12444.40181, 14547.39379, 8462.934815, 9580.206706, 26036.42051, 27594.69079, 20937.46065, 5157.01257, 17042.6795, 9322.050785, 9447.993245, 14969.48525, 12830.94677, 22647.93996, 27011.67004, 29902.27086, 33715.36997, 16995.16702, 15596.20969, 11701.97549, 9057.285228, 7310.625332, 7987.581705, 2968.979526, 1336.963349, 0, 2568.581256, 2937.907084, 5882.311125, 6132.54186, 6941.759102, 9395.181056, 10042.24404, 13115.5945, 13601.65332, 14063.07796, 24431.99553, 25105.54703, 16393.58008, 15322.95054, 15595.34344, 12498.55401, 9342.545072, 10971.62403, 10686.48954, 9124.893743, 10359.6361, 12169.98888, 11949.91103, 13070.73138, 12072.71998, 13631.74958, 14813.00295, 17388.40305, 20869.80842, 22936.97843, 23293.4141, 24887.53023, 21904.24257, 15877.20689, 17972.00687, 15853.01981, 18320.28695, 19345.63528, 17562.59284, 15743.04258, 19240.20662, 18959.21998, 16629.20546, 17442.07683, 16210.22166, 18208.70093, 17230.08072, 17023.25564, 17965.02861, 21130.38952, 24843.24003, 36049.19146, 33510.49331, 32586.60305, 29496.6805, 24925.6705, 26437.72695, 24246.35189, 23851.56326, 23597.23472, 21642.13365, 22295.1297, 19704.35981, 21361.94129, 24326.70137, 21814.43055, 19806.74829, 23552.48628, 21347.91371, 22643.38401, 23156.72986,},
            {34659.21089, 32915.79014, 17345.36556, 14451.9877, 17104.33451, 10904.49547, 12139.27377, 28467.41923, 30013.12578, 23394.93484, 7720.027762, 19259.78638, 11118.47237, 10187.85633, 15703.72481, 12647.74599, 22621.48987, 27090.95193, 29704.57409, 33868.82925, 17506.21918, 15895.41004, 12203.99007, 8940.062971, 7164.870138, 7003.610781, 3832.477738, 3492.257726, 2568.581256, 0, 1063.484683, 3327.847868, 5573.197834, 5192.6304, 7201.668781, 8067.422851, 11143.21746, 12092.48103, 12487.27544, 22814.75661, 25577.73682, 16109.25729, 14811.69101, 14737.99411, 11311.9984, 7680.013298, 8974.606849, 8303.479939, 6591.714205, 7793.163259, 9620.653355, 9396.139703, 10522.5691, 9686.65155, 11204.96721, 12406.10652, 15117.5762, 18788.73491, 20834.18897, 21358.23892, 24278.87883, 20693.34106, 14350.25531, 16305.60696, 14095.77817, 16479.94636, 17343.3325, 15419.56159, 13470.11356, 16915.54292, 16628.08125, 14202.50991, 15011.00658, 13709.03029, 15728.18759, 14691.20127, 14454.79987, 15472.82988, 18682.71393, 22594.4256, 35404.5926, 32785.63479, 31766.39579, 28340.36271, 23482.66163, 24857.05069, 22512.3174, 21989.41594, 21478.90971, 19343.33173, 19980.58802, 17309.50157, 18970.90542, 21951.6143, 19364.86324, 17330.55137, 21066.82642, 18808.49582, 20087.7764, 20589.98791,},
